49.662243
33.248241
50.509678
27.150600
20.944118
43.667076
49.132462
85.075882
59.389133
55.228733
67.982491
67.209312
83.529785
19.066944
26.209610
94.863800
1.121865
19.947090
19.046883
33.030861
61.712383
13.042318
40.222252
30.366554
78.772995
0.167993
60.822289
83.431198
84.820236
88.374519
87.607285
34.482475
21.622759
38.116966
61.633080
42.566879
81.784042
10.765544
27.642754
41.173172
65.994278
95.625244
8.382491
49.524063
14.692189
34.592102
44.387859
15.814053
54.539192
63.434746
48.844917
16.251577
76.477066
89.067169
46.618130
55.250061
89.235153
7.440423
38.681255
74.055389
95.814941
26.288542
8.537871
17.437704
64.405510
70.170952
60.004581
46.189556
80.936501
87.647339
87.362724
46.930775
83.272583
95.745216
96.454834
97.964767
30.337318
40.842697
13.778821
84.876511
4.277439
62.623734
1.128089
80.754501
51.690899
47.746220
36.004559
40.926060
55.186642
74.685822
14.981453
51.001591
0.974360
23.519325
68.439293
65.379868
93.690277
28.443872
11.569426
74.626770
16.091208
98.932152
21.557545
99.363785
94.677368
18.012383
97.328552
25.014690
58.855080
11.107375
9.891202
63.132519
73.731110
11.019291
43.887016
25.422012
58.765514
79.891571
66.348068
13.952155
54.577393
81.329521
64.953743
55.551754
4.848849
33.393036
20.931623
98.539124
61.836903
32.501049
73.165894
77.928116
31.433201
94.723442
77.291901
26.110571
12.735820
74.620453
51.125263
71.590897
85.727837
61.016464
34.723415
59.458942
72.035751
78.610435
84.880951
30.801270
58.502007
51.229023
44.753422
13.079402
32.558552
9.707168
68.631157
37.407402
43.100201
89.562782
35.946526
4.937110
22.063829
9.112421
82.865227
53.497028
3.835860
60.157127
79.607605
16.571680
34.777580
30.732866
88.162575
20.505415
91.749336
22.885996
79.964355
63.785088
1.496428
64.845314
94.586357
59.998436
16.074341
39.339783
73.077843
48.632893
49.046947
41.708992
86.040291
92.147156
31.271770
21.986818
97.084259
53.335602
31.099239
79.949486
6.832631
34.935101
40.106613
86.440239
51.506775
74.884193
17.173101
39.669357
95.389610
8.922432
62.555355
75.353966
72.707520
64.051781
40.199287
67.293877
24.050219
56.273628
6.633658
97.128059
4.906518
55.680611
38.837051
90.946808
47.827759
70.108826
12.933628
44.912022
23.444424
44.032867
24.861507
30.277056
78.967964
64.968124
16.717287
30.474743
39.852314
33.890388
70.144096
35.241924
42.812820
32.699455
10.595897
15.520343
96.751236
50.795181
82.814224
20.801456
7.068808
89.447876
17.929514
11.975326
45.128487
56.766563
2.922136
92.956245
26.875389
15.855765
37.868263
50.319809
59.888630
62.729771
80.596863
38.856594
27.697891
97.314156
69.331345
67.550209
31.204542
39.475445
2.792135
74.017365
72.174904
13.388032
89.537712
68.926132
64.183212
72.351929
89.727592
71.252022
61.799805
7.657104
83.227348
6.928290
64.423668
86.149483
99.884537
91.299057
2.005249
37.752800
41.618870
61.893879
0.482572
22.215734
0.750478
28.180466
19.529890
70.081818
95.730675
50.734432
9.557262
98.522804
24.751799
81.732162
11.910839
14.289507
50.658291
76.094055
86.641434
40.385883
47.346077
48.441238
48.042988
30.573421
55.369534
12.466660
16.722908
55.254066
3.765717
18.728155
93.006866
45.384586
80.622032
93.489441
67.600319
81.372513
21.669903
87.130211
51.454330
17.400574
37.864643
61.011593
15.923383
62.616444
42.743755
27.834221
76.905945
93.402046
3.928274
63.547386
33.787933
51.274345
11.988626
81.830925
81.847771
67.358162
94.297585
98.570679
22.612225
98.063293
17.298832
15.619090
43.447884
97.920868
9.108528
11.048206
79.293381
30.778431
98.178413
30.747715
48.179008
36.043060
91.759308
64.102386
98.659500
34.503059
91.936607
75.565453
27.905109
95.864883
39.112835
61.693043
47.139229
51.101460
43.523964
28.987003
18.459618
37.821545
27.557680
41.071842
35.884846
44.856514
56.690933
79.332733
42.777382
65.799461
90.380936
22.070765
96.577888
88.559357
52.818478
44.756897
24.602411
44.577785
8.859283
23.261913
79.080849
0.795891
98.827362
6.985957
96.660774
37.940197
68.679001
43.800007
89.041656
12.202966
72.787003
7.501276
50.024517
0.344688
48.573120
85.909363
45.201202
5.264051
65.242088
87.978584
71.063515
55.623024
10.049350
67.641403
44.182381
62.867825
12.398299
68.784790
7.445615
21.257582
92.046707
86.526459
22.053474
90.874069
93.512421
18.714247
28.814268
62.191422
62.514252
17.855927
74.394386
35.301258
25.357204
24.418898
35.645950
73.930321
10.328257
80.847153
79.194374
75.570343
68.825737
50.257885
31.193373
78.875084
17.899288
75.375755
41.742916
30.297586
44.160545
49.188526
51.555168
36.207253
35.714989
73.608643
27.081322
29.227411
92.322891
55.895592
91.418831
54.837143
73.751518
65.813217
90.138405
99.108719
90.232109
25.784353
73.039040
0.560370
6.631504
52.233418
76.130714
75.457237
2.491302
7.324090
54.332329
20.390589
82.699844
96.075233
50.688179
26.860390
45.263767
2.243347
63.067638
80.978760
75.851990
90.148964
10.206168
68.174889
46.044552
1.624998
23.012028
19.796068
67.438217
13.150433
18.904791
57.670326
38.934784
91.943832
58.230698
45.566292
44.177254
34.361412
21.023529
46.668552
41.685501
75.355858
67.059143
24.385345
71.431091
17.747320
51.245731
16.694862
19.990667
14.313373
97.673622
95.842659
4.462335
7.879787
64.017540
50.506889
9.504785
87.029572
70.302956
76.943001
0.180004
89.207748
34.613323
39.114792
81.151581
92.844025
84.681084
25.328833
27.205431
5.704610
71.997383
68.890938
81.060463
39.056526
93.276283
52.491558
56.803848
44.522011
69.186417
76.794518
58.835381
66.860039
72.637177
63.297718
74.739822
36.654716
13.804605
84.244606
23.684288
84.107559
61.187607
23.864292
73.315308
95.800934
62.979084
54.466892
88.644951
47.660164
79.795723
15.850386
53.364773
51.793110
84.741318
34.425240
90.849640
78.017601
86.916801
47.653488
22.539608
56.103218
24.448002
81.374992
22.963257
97.085175
44.672714
97.703079
33.739891
58.477318
81.947693
57.424183
42.584881
43.135307
81.288467
15.900190
38.936241
44.267551
70.367081
27.581192
91.927711
50.162804
43.431576
45.292488
1.955913
28.172897
79.717728
92.805550
6.190494
66.634521
40.459038
28.730101
22.737738
64.907036
10.105094
45.700996
61.992218
54.777805
43.404079
95.732101
13.255122
25.351774
53.156288
55.840004
68.487076
34.444759
71.740189
7.423319
78.712311
42.107273
35.004513
70.640030
92.270073
78.436089
15.932510
94.225990
6.608987
95.650238
87.031540
12.799480
62.284756
27.490578
41.529583
85.022491
92.397614
51.634674
30.723488
54.389828
6.412481
74.127563
50.121941
19.667603
99.479347
3.278224
75.507607
67.966423
37.722980
47.247799
75.389740
16.435293
89.355072
10.394255
87.075317
81.625145
88.830345
3.007829
75.851135
95.439331
98.658058
62.882675
8.238812
60.942818
90.373253
49.768394
45.965313
82.770866
1.403071
76.688805
37.160694
7.815553
50.816376
87.282631
27.483156
50.295715
90.560852
2.990762
18.262142
28.283834
50.238564
93.651886
44.719128
39.593632
4.046142
31.794443
21.218779
92.876488
34.802273
97.069916
88.315819
33.460339
59.952591
96.554634
94.403160
50.325840
46.323025
40.368469
33.096706
47.726097
17.057272
70.257401
55.541645
67.873642
57.540028
83.024803
18.169363
48.100887
86.015564
36.431507
76.384720
36.254128
30.083391
21.103849
75.847755
34.129532
52.898293
97.066536
27.006021
87.700569
94.136452
15.321837
21.160906
54.089039
11.876469
15.564063
4.414883
58.199493
55.932533
37.511589
5.925592
72.989807
7.768990
61.467243
40.863453
65.309021
44.492046
59.032814
13.409908
30.507612
95.464325
89.794632
66.761742
25.547712
10.898480
42.609497
59.677250
63.796776
39.676037
86.683266
51.497345
33.812489
2.005105
72.658249
87.901535
13.881573
88.222313
92.316414
72.081070
44.154850
29.828003
78.006660
17.144657
37.596992
39.473904
58.008110
2.906015
83.965950
17.040928
16.315924
14.473562
12.505250
6.110554
81.235298
38.052963
17.009035
23.844803
97.730217
80.805809
63.520836
84.413475
32.303154
97.333328
86.418579
4.961407
85.234856
0.300156
93.183723
77.551270
72.381226
37.338573
7.379275
50.387882
54.483231
44.976269
89.861786
12.491341
47.882282
73.827736
29.532269
64.198212
88.301300
42.037518
70.308762
69.536606
80.090485
87.317795
93.381409
77.820694
68.123604
56.902241
62.234169
0.426759
54.235573
48.652752
5.388166
39.470432
48.952908
98.571892
17.021702
21.334133
35.910461
24.400976
71.722015
90.393692
69.377243
61.583805
2.885031
17.259525
35.411541
32.417297
81.457733
23.712843
74.454811
51.766491
93.249443
54.545296
39.084290
86.630852
32.365990
7.207891
43.533096
94.600159
7.634651
97.768669
43.252911
13.022818
37.239098
92.205818
11.594706
54.260803
13.539952
47.505169
78.661774
85.261971
37.898857
48.039021
46.845776
40.783890
65.298553
82.257317
73.201187
46.756283
5.970164
47.656002
98.522774
99.219604
2.201300
37.607063
85.850456
34.567291
44.814953
29.383558
29.167450
52.449600
27.152225
72.420357
65.472420
64.391327
64.626183
77.067123
18.652126
78.166130
24.572292
97.313904
63.428104
62.471146
45.352924
10.273879
3.255035
10.651473
92.531197
76.456223
57.407753
98.501366
24.112223
55.930531
97.720978
26.313522
93.537590
83.571434
60.880810
38.352543
12.954995
90.048256
90.802147
40.107220
62.468624
56.274570
4.498546
27.094803
33.341694
23.150673
5.260934
57.913982
20.464575
68.689034
20.385134
65.817497
78.962914
23.640169
76.468971
71.494118
0.096390
33.876724
69.995483
24.208611
89.807251
67.716454
50.522137
83.344849
51.287888
11.402946
21.697388
64.242882
1.451209
12.499536
4.350105
63.919830
68.774101
8.848652
91.014633
2.115797
31.999323
96.275566
60.029781
52.463902
64.964607
80.414917
18.281399
43.927521
4.055086
94.750366
15.421637
4.151475
28.627098
85.417114
28.360086
18.434353
53.133572
78.882225
1.779199
4.421459
90.285172
23.476589
68.664345
91.736374
35.976124
73.014450
55.656208
4.750227
81.863098
46.670841
6.866024
13.862424
42.946411
66.895805
66.326317
7.911016
47.310722
84.607719
51.838535
51.365810
79.358086
67.260170
55.517284
7.985189
52.677284
83.877373
26.419540
5.810857
62.759590
28.198740
10.232316
53.044762
51.675331
78.896660
44.781136
87.651459
51.911110
0.437346
92.401680
33.774208
47.108189
99.267700
47.636631
90.054604
66.163513
13.962955
97.965614
13.474234
98.570671
49.804150
64.840042
77.928764
17.064323
20.357327
85.913956
69.741615
4.234697
12.333497
75.552467
66.994293
40.532238
85.784782
20.039049
92.207565
64.681442
64.820190
79.859016
16.592550
65.257530
72.260704
50.366760
12.365722
71.528404
98.003395
2.420321
37.691917
11.966346
0.385936
51.166153
10.537020
50.190086
16.006193
88.465790
67.254410
36.363522
74.379745
36.996017
40.598217
86.713234
12.548486
7.592506
27.245474
98.333267
27.631554
19.453041
63.014709
92.451736
99.312057
79.607262
57.709278
71.572762
29.974022
70.074997
43.101170
27.977413
72.495316
80.793091
39.943756
72.881248
31.959238
50.480778
23.071341
47.965431
38.946564
90.325752
84.328949
13.326303
27.321768
24.927170
0.039540
39.870255
32.519676
27.285015
38.203522
60.151230
46.738056
1.218235
52.602970
46.050117
80.825493
10.312247
17.622881
10.799519
80.387245
60.724049
38.776932
52.882565
41.517139
78.720688
25.763815
73.476372
29.201469
48.835159
21.441807
68.148033
39.160908
5.770759
81.474335
66.482674
30.697927
81.513878
6.352932
63.217606
8.798890
44.556458
23.368832
55.536945
45.774689
75.971809
1.587063
26.600187
86.284050
19.209944
37.399708
66.671295
79.933998
76.176636
19.553860
21.451130
54.897327
45.317677
94.927505
84.098801
94.152832
16.369314
52.246826
33.313744
22.140074
33.721165
99.796417
52.838005
15.235041
6.149350
16.055603
24.033932
50.705807
39.424438
79.570877
96.480492
15.396242
81.157944
23.080685
1.680294
0.367884
60.480392
68.351593
80.301880
36.657028
87.905449
1.753010
91.554352
33.223125
96.680519
75.653145
27.375961
13.049830
27.899977
60.689701
35.189903
61.621140
60.486118
88.027908
76.856186
66.635468
4.083509
0.890113
17.341274
43.507946
80.460991
13.821771
58.904190
61.618931
36.902454
60.584480
61.986816
97.382843
28.936073
42.288692
34.039871
16.841522
44.041706
25.594225
50.064648
40.722221
1.247376
77.440605
53.772049
29.147354
38.130306
88.961952
90.768494
98.616425
76.989861
67.624680
65.251892
81.073364
68.514786
82.593170
24.581314
48.975780
96.414932
83.485504
10.594711
33.317394
44.069981
72.581528
30.700237
73.006050
14.870220
64.740112
89.847580
58.911926
90.334335
39.912224
99.634148
91.581711
17.352831
53.406197
20.729065
55.483139
42.368149
11.497559
54.099567
19.358009
79.122231
19.351460
0.431377
47.637024
1.944627
25.012690
96.612808
98.359566
8.498193
7.207517
31.676956
52.568172
79.789040
62.377197
25.574230
94.659264
27.117304
15.421806
53.571190
17.451639
55.334030
53.205334
9.033350
72.686859
6.611530
29.762415
28.170002
48.979683
41.259975
82.269569
68.337692
20.382210
1.621024
68.769066
68.019234
3.565650
93.781754
64.632042
1.925216
2.279951
71.839561
33.602173
54.848129
51.628601
95.979370
80.422356
46.287865
23.096672
95.844162
99.859055
40.548313
51.178192
53.064388
49.581661
23.865055
59.675919
79.344078
52.035057
8.655602
20.604050
34.304623
76.993294
40.986259
35.925648
45.762356
9.005493
39.491295
39.544117
73.637535
41.416515
41.824066
45.477089
75.018684
96.672195
97.105690
70.998055
77.094551
43.393555
94.094727
72.938713
43.252609
34.643040
24.116907
96.317001
84.224701
47.981964
55.992920
63.568775
0.017019
64.648521
84.172829
34.321640
41.641815
25.159084
70.247284
87.404175
34.164577
9.738584
26.948288
7.802109
51.155098
68.772354
53.279198
26.173782
65.444550
50.384884
97.171837
42.539101
93.778442
91.266563
15.477811
37.031052
25.909603
39.594715
33.348053
10.134300
87.576683
89.340973
73.703072
87.593697
53.989498
57.875900
21.915337
95.631317
83.034988
92.162628
83.035484
17.199562
1.901209
9.983774
25.001673
53.056305
78.756126
78.280869
79.230087
44.200680
28.665756
76.401924
86.739777
22.444199
67.668488
2.217590
59.475254
93.578087
41.812305
92.823311
3.712389
29.388985
82.164284
77.415466
16.982683
36.153778
35.291367
38.898022
31.785091
18.326353
31.060648
14.820578
35.525913
32.961853
24.804350
60.527588
86.018166
3.560481
38.808453
65.248245
47.761162
67.474213
41.650169
34.500938
89.918411
9.318659
36.718529
49.393661
2.896747
78.530838
42.216969
6.609136
7.919824
24.381250
84.024605
24.902508
60.535030
19.315968
63.800533
92.320122
37.642323
94.861176
7.140699
73.168236
27.823030
31.945049
33.695816
13.841192
35.505531
72.504272
79.089439
83.266693
39.978485
20.739613
17.767632
29.896894
30.058271
54.486160
79.290558
32.955017
33.017002
21.507526
39.564152
40.936825
45.888775
23.588753
65.839333
6.423806
42.904724
29.639860
98.743927
80.547043
24.501038
5.884626
53.715279
52.324070
37.829678
87.411095
66.165260
73.335205
59.915363
45.254700
56.601898
99.893852
65.994308
74.369530
29.790745
96.052582
28.855694
9.081301
29.007599
61.872696
30.588827
68.571754
2.809519
76.477608
92.160507
68.648849
82.901405
35.065224
98.288712
81.645332
15.612267
22.789749
87.529961
69.327545
75.113823
25.359636
56.738632
41.279079
98.694839
16.654001
86.533775
55.296741
16.547852
52.528095
29.666275
46.338593
48.580677
58.521969
55.419899
77.588272
20.394663
86.008720
46.160023
23.204180
62.486328
38.320530
91.853035
45.387733
73.385757
90.141747
27.033070
88.998024
12.931493
14.563031
58.325565
88.045311
39.922668
15.064202
29.324392
38.617512
31.718203
15.858171
93.914253
48.266052
68.386261
23.580528
94.604645
16.966938
82.102493
50.024544
94.555214
2.497157
36.033268
40.715237
25.701338
98.519592
79.035774
17.554369
43.907326
52.421528
7.696113
70.940399
41.419552
20.627605
85.503426
99.745117
8.672916
25.426096
14.809319
37.997307
64.043602
46.527523
53.855480
57.957859
94.793579
22.241743
81.538383
89.398224
39.208683
63.640881
39.422768
33.763897
66.138039
75.456032
74.479141
91.839371
73.975632
53.514904
9.393744
17.882956
5.936433
17.089857
88.823357
47.355988
37.717464
74.326775
47.101101
46.390381
99.752876
61.910419
84.387688
63.796478
8.437944
38.243164
21.754341
3.231521
60.484909
3.292728
92.629745
99.693588
66.933609
32.052517
33.457489
33.071648
7.508553
7.936625
24.911022
81.484184
61.451530
34.304768
99.367134
67.387962
51.394623
88.190491
14.743948
89.112083
62.517269
61.845051
35.502468
62.270142
23.755472
19.890156
26.066622
32.193417
58.133324
47.820965
35.424938
18.618233
51.113689
28.054684
18.311825
18.047302
60.107201
51.769318
51.118946
67.615753
59.705936
76.029968
49.099937
21.157471
10.334739
48.467072
88.545433
61.729366
36.657562
3.289382
50.841450
99.174828
65.134438
86.343918
61.444973
88.889900
6.234076
87.511597
21.083323
64.367401
35.332561
56.508263
82.985634
86.446251
84.562943
1.297460
4.493552
44.670147
53.066772
55.612499
12.285899
12.772714
31.642473
61.385834
33.930183
41.977207
9.852908
22.475616
3.706573
46.510471
25.764999
54.548027
45.685299
90.899429
40.891941
7.130273
79.789337
47.126019
94.641869
0.872661
11.493421
29.974428
57.380920
94.479057
16.420679
41.943867
95.776520
20.914230
86.614014
48.843288
76.526733
98.899910
61.616005
8.169203
60.285748
95.546188
50.146412
70.138649
18.021805
53.852989
16.649124
43.786804
8.401011
62.334423
34.686237
49.292953
69.464699
14.475575
96.418976
64.106567
15.348236
7.912395
94.080994
72.729156
2.391449
10.501671
14.673024
98.167961
31.415901
1.287035
47.011253
7.942633
0.186945
8.627256
16.111835
60.472691
4.173443
66.258247
30.611345
22.195248
20.111235
47.260468
65.982048
28.512245
9.594892
0.668286
77.805199
79.059586
15.143863
74.224174
43.166153
30.492100
82.136566
37.247143
3.221257
84.528015
47.748814
17.894279
82.695976
79.164711
19.181316
29.707232
87.107346
19.368259
38.334488
3.219185
79.840950
42.507931
69.477432
10.452294
64.703178
89.588669
57.712765
30.685228
18.100912
67.307648
31.353516
95.906105
46.367241
46.497379
70.130280
89.533386
76.989479
52.266850
26.780533
80.210732
36.794865
74.529350
98.105011
19.490845
53.694065
17.286329
49.198074
40.801414
36.654587
87.532570
44.020599
16.495539
30.040499
13.498032
26.947836
94.743683
3.086699
84.660599
25.428905
21.187613
51.968246
56.782425
17.093723
98.335487
3.279800
87.224007
87.868874
80.269279
39.490856
14.649412
60.480011
76.285721
89.178757
58.585022
95.776566
42.872826
75.871353
44.974640
83.674240
12.525940
32.507206
27.694839
29.021481
62.547707
41.192871
55.969315
57.291382
44.279568
40.629910
82.720291
65.467186
92.598160
39.502712
82.560905
90.933647
42.782516
69.784912
78.802521
23.051790
9.275762
93.451935
83.531799
85.561478
82.630692
42.116821
81.338043
25.503523
17.988173
26.312679
9.177763
30.514112
58.819885
36.872601
59.535591
21.367592
78.065475
15.504907
78.658974
22.345043
56.134815
61.379265
87.812225
48.732971
0.881982
70.373131
39.666615
43.664497
40.158035
18.469137
66.716286
49.433800
11.921071
50.248085
34.995277
94.551765
92.364906
16.333321
20.055290
10.353077
42.646004
29.233053
40.867188
1.465887
66.105652
0.402782
22.833479
44.171127
15.907690
1.492455
66.516174
72.042503
62.871723
54.328392
20.775476
63.753708
24.701523
60.442089
7.418200
64.859566
78.911224
74.134483
14.293361
90.832298
24.382570
49.288643
85.384064
16.747475
65.621964
5.439357
27.100552
8.267963
34.672409
67.967743
9.733850
0.778064
68.370522
32.567329
44.949192
84.278214
34.059784
11.465361
56.320717
96.931503
65.793755
77.096191
60.685211
90.495285
37.538288
68.103416
55.354839
16.449516
42.237900
69.648201
7.281815
66.620468
18.936844
92.665878
83.367943
84.558800
98.105240
10.468494
92.826775
32.777649
78.436241
2.560620
33.555714
46.806759
35.127949
78.504906
31.084970
69.187737
89.970268
87.405685
66.119240
55.764019
64.501884
26.804453
46.259300
2.040168
94.907867
1.614140
18.489685
37.145763
71.262344
25.771500
3.766232
90.199188
18.437382
87.134178
74.757996
16.542622
97.602669
67.584763
49.320267
76.038902
70.145378
82.875984
22.845663
5.273331
61.380886
53.930634
74.461067
51.351147
41.336323
40.580307
7.115169
5.838204
67.384758
53.374470
7.878373
62.292625
54.988609
26.368057
99.438385
26.250952
52.139557
3.204619
16.450138
70.576935
90.338799
91.208130
87.119560
87.941467
58.792889
36.439827
63.980370
28.938272
19.315811
86.826035
34.211601
80.696693
40.756668
8.672668
32.047844
82.092987
49.252975
39.163013
87.931198
16.637733
92.537483
95.809570
78.930351
47.526093
22.177626
78.368744
73.777046
74.317184
81.573364
90.227180
44.894119
71.912155
81.435310
32.013680
59.853626
40.228203
68.453506
23.833994
69.166473
87.769318
10.660027
3.378079
68.466011
51.416695
12.050748
0.513857
33.509686
61.303722
39.676872
21.440884
77.941452
32.214352
